image: sala_de_juegos.pgm
resolution: 0.050000
origin: [-7.20000, -9.80000, 0.000000]
negate: 0
occupied_thresh: 0.65
free_thresh: 0.196

